N06481L
""
""
""
""
""
""
""
""
""
""
""
4.581749037477309
4.788717801438938
5.072205903477571
5.142661732699294
5.136765873228372
5.300085762599422
4.575130400526109
4.281744192888378
4.529365464957705
4.575130400526109
4.541892543729749
5.342794638150951
5.599648257351583
4.981024599478111
4.938255120623443
4.316107954950606
4.108380201343092
4.112066501054055
4.03300775044526
3.9962103260085047
2.8959218974902763
2.9024545516239315
2.301185465244948
2.000000000000015
2.000000000000015
3.4989175815420857
3.352972448801857
3.4989175815420857
3.2994657692096645
3.248629263065266
3.2994657692096645
3.248629263065266
3.354252948989485
3.397909769442491
3.5039102020213537
3.655674991119225
3.664428750970324
2.070981863134105
2.252246757362028
2.096214379363815
2.0220178680755017
2.0316552982262475
2.181862372335711
2.420099502398421
2.226950712307296
2.226950712307296
2.588244351431709
2.244355463108152
2.2088701135629614
2.6323518675815074
2.7117319267606743
2.81683741148738
2.7817785697318547
2.625500083547011
3.5021638332824483
3.41454109787699
3.679385653594753
3.679385653594753
3.4067668846078525
3.9657625656704143
3.816828764587412
3.809875524889441
3.679385653594749
4.601547829181227
4.795041630937555
4.830458915396482
4.622081388685885
5.065480323630815
4.870287154747346
5.712824488496361
5.728054299725705
5.376717484589553
5.407626488804892
5.412527556091941
5.662208585049313
4.83045891539649
4.83045891539649
5.142661732699303
5.247654598759226
4.737823307909423
4.661252270288833
3.579190699111477
3.715104518107073
3.759608890532537
3.8461326111861727
3.7744675933638105
3.1883597576333744
3.499611623791306
2.935012334066028
3.44382113719327
4.540073753702117
4.540073753702117
4.616903863799619
4.868660460946681
4.95127776590564
5.142661732699296
5.099019513592788
5.099019513592788
5.131601439446887
4.882715339942429
4.849242365066066
4.136863106707345
3.42008328801649
3.884701930767542
4.152399817265219
4.152399817265219
4.052683360964981
3.78593889720018
3.753785967647736
3.676295896027884
4.228331571528869
4.492417854765751
4.492417854765751
4.492417854765751
4.454313537562106
4.14143877795086
3.7284735685686536
4.640892025018324
4.658000611525248
4.294993561924112
4.330127018922179
4.670993664969122
4.417595671307117
4.417595671307117
4.371914496377556
4.399552318822959
4.75059804847576
4.75059804847576
4.925967063953168
4.174235549683598
4.174235549683598
4.145095678246529
4.086192567289205
3.6545944516540407
5.017393987344653
4.522670168666435
4.501683186892578
4.569331228832912
3.872005196590523
3.8376128944009538
3.737605780402304
4.228331571528852
4.228331571528852
4.3379928328873
4.448356863818205
4.608950449117883
3.833662699947588
4.108380201343051
4.337119558025323
4.594957710756008
4.599077641387983
4.5427264540541445
4.559372630952477
3.973396379406223
3.973396379406221
4.295875400258388
4.239067936433279
4.100073909163808
4.100073909163809
3.773913650631661
3.6390141855211264
3.0251471289037912
3.0251471289037912
3.433348043510666
3.503245248726812
3.4728383291777
3.467380462644242
3.048844788678859
3.058767824804668
2.640018365408973
2.662876093795723
2.662876093795723
2.662876093795723
2.9374798516394267
3.1944554237843428
2.8919952219248386
2.9374798516394374
2.9374798516394374
3.1754264805429004
3.200378765462613
3.200378765462613
4.582575694955807
4.640892025018302
4.594957710756006
4.559372630952476
4.378840305862058
4.055486369964688
4.292346959909233
4.056420275876873
4.144181755695802
4.16333199893221
3.89541299790432
3.89541299790432
3.018879984967262
3.018879984967262
2.843120351538583
2.8643577734886647
2.6443192398845707
2.2613350843331035
2.137330535546925
2.8109633849473594
2.8109633849473594
2.949062511539764
3.545163158189112
3.70503343132991
3.800916954758314
3.821787619172493
3.941811612428772
3.728473568568605
3.728473568568605
3.749747466244308
3.824759845897176
3.99999999999994
3.904154741096179
3.904154741096179
3.339388439746805
3.339388439746805
3.261343839027572
3.302891295378994
3.369875458538493
3.369875458538493
3.369875458538493
3.369875458538493
3.3154825052205705
2.0652243256244325
3.194455423784295
3.4902461491730925
3.528026317499511
3.511884584284176
3.79792606882256
3.563280749108791
3.228659539846542
3.2844906435973424
3.3529724488018022
3.3393884397468514
3.242707435947826
3.3393884397468563
3.0488447886788688
1.969463855669288
2.167249338901627
2.886751345948113
2.9063670960444035
2.886751345948113
3.476108935769016
3.9273709303097712
3.915780041490218
3.915780041490218
4.166060561977037
4.166060561977037
4.166060561977039
3.984819679582462
3.984819679582462
3.360871099202453
3.626501778782819
3.621275516118061
3.563280749108823
3.2844906435973664
3.2879486097878616
3.41454109787696
3.146667308679933
3.104249287084326
3.8690692640087136
3.776923551668937
3.904154741096236
4.249777177759558
5.624621199366539
5.92887132188876
5.759708536396803
5.87947121926637
6.006940430313348
6.5412444372518745
6.666856057915869
6.5412444372518745
5.83614650780854
6.052172162024776
6.393652154972751
6.3005531262715
5.065480323630808
4.30908131951369
3.768891807222053
3.768891807222053
4.163331998932268
3.6680438185149087
3.6680438185149087
4.33711955802535
4.33711955802535
4.231018216873459
3.895412997904368
3.857303187304277
4.249777177759541
3.76184996398247
3.579190699111435
3.3665016461206583
3.3439225741362435
3.2706222186259075
3.4410622038709
3.2601821849074097
3.4935004586439065
6.826863160050921
7.315405082095689
7.70871211190575
7.1541469220179055
7.09673420409955
7.415687712034834
7.354137157636754
7.229464123650644
7.046920668568023
7.1774056256527565
6.515133897086849
5.006056937411573
3.938927711338696
3.938927711338696
3.872983346207465
4.002839900961274
3.964807305493846
3.7009417310963006
3.6306773723120256
3.2427074359479167
5.752469825293256
5.615859576937361
5.752469825293256
5.752469825293256
5.736361251789418
5.683877575823483
5.684230378172244
5.502094313718724
5.495271174378983
5.37812354097857
5.399812472163816
5.612207459321867
2.4037177650436976
2.45207147282992
2.3499228652400928
2.3499228652400928
2.3181108657940537
2.217259792596446
2.3618520666223013
2.085102061025481
2.569082862470956
2.4709245715999706
2.416501420481457
2.490599303441253
2.329000305762748
2.329000305762748
2.329000305762748
2.598076211353416
2.598076211353416
2.763397118831127
2.6227443411031133
4.62863288933601
4.441539454656831
4.718596350097352
5.26494985443332
5.339958006871592
5.501377238033407
5.501377238033407
5.548682617331737
5.378830558942977
5.204892803018118
5.468227788919899
5.468227788919899
4.144181755695931
4.821039747028101
5.222329678670994
4.807664335583028
4.981785003207431
5.083395429327694
14.536005453543812
19.123997299918077
22.124133264995358
22.064942463707524
21.807318780507654
21.80731878050765
21.904021930605808
21.1373494756717
21.6283650962448
21.122282230906624
21.40337840015301
20.967854702730577
18.37017015166543
14.247359221767557
5.727179331497136
2.9682665076785884
3.861229196653735
4.122186827695296
4.410730716621203
4.371914496377609
4.622081388685909
4.802145984932809
5.305800142439908
5.282905536642789
5.350587619952407
5.535012523595928
4.494946657586218
4.6774766572146405
4.56933122883293
3.5419563161414693
4.954336943068622
7.389591369356002
7.316958301635928
7.234178138070246
7.025386865223921
7.426406610973796
7.358771307189492
7.47521156080469
7.481289793190555
7.278028371042338
7.211102550927999
7.704780098330946
7.267611837335698
4.769696007084726
5.367551216393371
5.327885475154615
5.781370289493855
5.550730227691302
5.482755334738716
4.769696007084701
4.631905164675241
4.886592665527552
4.134115273055265
4.344972713238551
4.31698548021224
4.5618643185221615
4.494946657586177
4.621261798043941
4.287932326467313
4.294993561924096
4.294993561924096
3.934116511654481
3.973396379406224
3.5021638332823843
4.209477042305437
4.048007366144881
4.122186827695198
3.957156922474832
3.6545944516539857
3.175426480542848
3.411211461689672
3.4498572653827937
3.4498572653827937
3.0587678248045918
2.5030284687055957
2.3484359721207118
2.6798914496332364
2.6798914496332364
2.8643577734886114
3.1718458443948987
3.261343839027523
3.62963392427413
3.6045005538109582
3.741657386773852
3.910940365877987
3.984819679582409
4.08989886516428
3.4771984543463264
3.5118845842841484
3.679385653594642
3.6306773723118737
3.2039275140288117
3.287948609787772
3.117642854737561
2.9638313065538697
2.5059463404906723
2.705605568077635
2.2270849813033573
2.488471724301956
2.488471724301956
2.485920365966909
2.485920365966909
2.217499535849525
2.0788157647380228
2.0788157647380228
2.218054158473836
2.1461734799543803
2.15146180044796
2.0207259421634225
1.6966991126262865
2.301185465244729
2.3159525823374256
3.1574826950746817
3.449857265382762
3.449857265382762
3.449857265382762
3.449857265382762
3.869069264008606
4.018894767409848
4.187825066532491
4.294993561924027
4.2283315715287815
3.964807305493687
3.919647479510819
3.387812380766058
3.104249287084194
3.099364548751836
3.104249287084194
3.099364548751843
2.5405797477238306
2.5405797477238306
2.314316444667774
1.975225341958272
1.9128750374998125
1.6213537179736133
2.570225788925878
2.678477631835204
2.8109633849472866
2.843120351538522
3.1766191290282566
3.2508740083523597
4.018894767409862
3.8847019307674575
3.9109403658779938
3.676295896027809
3.676295896027809
3.8019133938774607
3.676295896027804
3.676295896027804
3.676295896027804
3.7899388337591526
3.44106220387084
3.44106220387084
2.810963384947304
2.4120907566219443
2.8643577734886208
3.171845844394905
3.2601821849073245
3.895412997904296
3.857303187304205
4.033007750445175
3.996210326008414
3.9080336836734912
3.7979260688225343
3.545163158189089
3.342789617107526
3.27871926215092
3.27871926215092
2.9063670960443364
2.998737107921225
2.466441431158013
2.605355789115619
2.7122058561363107
2.691175253011921
2.5584085962672383
3.2286595398465368
3.2473765635439027
3.2286595398465474
3.1718458443949937
3.4067668846077925
2.574643252722139
2.7080128015452702
2.593698657761246
2.7344602259445034
3.270622218625911
3.270622218625911
3.194455423784349
2.8709622502610457
3.128558579902006
3.128558579902
3.128558579902
2.906367096044365
3.058767824804656
3.5194266061907458
3.5194266061907458
3.476108935768994
3.0550504633038416
3.088345639315406
3.5791906991114386
3.605551275463964
3.214550253664301
3.816828764587405
4.390071442781695
4.512608598542149
3.62963392427428
3.72542452329774
3.52802631749964
3.3454500426055223
4.006584466821806
4.396904060215463
4.876117814915824
5.010565833707252
5.010565833707252
4.711947191350776
4.307748652349418
3.764110296887401
3.3894930478156016
2.9034483009791927
2.234406648965166
2.2523454439578976
1.9847830820589587
1.5578446289502492
0.8900094177869242
0.6254317861349192
0.6460322903075698
0.6840517440203636
1.7150572584853692
1.9608850456379625
2.018329040476793
2.0498856938293817
2.578620978560192
2.789786787036224
3.3806538152760086
3.6918620410088185
3.7248673882594714
3.711656328114485
3.705947073480989
3.597421683569399
3.597421683569399
3.1858132280059936
2.775898364424791
2.641205448723342
3.894969389645533
4.692389871924693
5.031478569577213
9.771507167907446
9.87021477624522
9.927559202447856
10.049052526930009
16.057994796029046
16.387872484200667
16.121598261011968
16.072261183417297
19.556739170961173
18.87218526973621
18.009445114821432
20.37148342508157
24.342165110578765
26.462769321343966
27.585541133792898
27.60105399832013
26.766527038392017
26.646251655209003
29.846450476741904
30.054495957722004
27.736175917841585
27.701192404047543
27.912607122295785
27.912607122295785
27.364403996078693
27.364403996078693
25.15813622234007
25.25551244958039
26.925261316646463
26.57180095628837
22.866542980494224
23.92966334654104
24.380817099191816
24.5447951651052
24.133938130710693
22.81148036326529
19.86374037834221
15.541488950157875
15.150507542253472
15.16650016558625
5.610461008444212
5.441145155760929
5.517877281796841
4.396968652757647
4.396968652757647
4.438126822992977
4.365808287033895
5.853591671312399
5.928783797219156
5.905733244291115
4.657847413487022
4.731227609201289
4.541681851888892
4.68696978885209
4.956404295413311
5.089107713348321
5.3989499377308645
5.3083616969422565
4.7386227381534365
4.309081319513616
4.4721359549995086
4.37884030586202
3.8009169547582857
3.7284735685685737
3.040135563165485
3.175426480542824
3.1176428547375723
3.0488447886787933
2.6443192398845494
2.534608929251577
2.509545051662828
2.613345800518036
2.613345800518036
2.482990255468097
2.473313657886385
2.473313657886385
2.2748345422966385
2.2069068920674946
2.2384030388436225
2.4240391360554607
2.1961492911866487
1.974026189103272
1.9010709198939872
1.860656614970703
1.7372091062392656
1.5613956514314886
1.4995926929650434
1.6713831789654
1.8912398178133816
1.9262828049512009
1.9215371945614284
1.7471458188560798
1.749510428355172
1.6876322809712168
1.9145911757078435
2.731629605184026
2.7411138178684795
2.757686354134418
2.745086796494746
2.54239542941609
2.49838051272287
2.5879172150184253
3.094347814480123
3.465492471799901
3.5136016046575995
3.7824800346441343
3.5826025768670937
3.055683939989257
3.0587678248045926
3.0587678248045926
3.028182148494452
3.107507766469276
3.6015473960697637
3.894485885883617
3.4459946407351167
3.590221701679126
3.7853987567906673
3.6259863606688807
3.6432539769924097
3.6606234492466903
3.6606234492466903
4.114306179846967
4.394711384856746
4.2554442103351695
4.037823293847484
3.820457454044562
3.818477271938324
2.874204836898897
2.329459223357312
2.376592936253361
2.3670662828416846
2.456675580842708
2.5718526775942365
2.188563802112276
1.5864193891006202
1.4554556590796597
2.5406534882303053
2.515138240421934
2.434407610800506
2.511045839556975
2.528120890960757
2.622422193756088
2.705190521877923
2.6896536460433222
2.6282081048972965
2.689339687258465
2.6757975513240058
2.7435102767575112
2.1611715014017245
2.173061677232033
2.489791619515623
2.6386703779688108
3.1858121328851765
3.257073837098844
3.2040502854348376
3.767664215453008
3.666653832196738
3.821688821099196
3.472215585842621
3.2417577736591228
3.19305644412233
2.030892214946279
1.736283684975237
1.5666818705029313
1.5892929232675224
1.8255484330737255
1.8518062622882427
1.6361663802139936
1.585847249499688
1.629485327398432
1.5662287926043714
1.5570859281570422
1.6990273878753028
2.193864561004453
2.2046769439652896
2.0697373544210027
2.481815559637748
2.7281629156328293
2.823461560639449
2.823461560639449
2.831580374808373
2.6424180806702147
2.669342723547281
2.684734954860668
2.857812950426943
2.555483867540751
2.7024394257258963
3.106054041096133
3.1437861039913018
2.844982064847833
3.1401973080125587
3.1535657343345944
3.24837997379491
3.7304829919850913
3.6030241689183495
2.8942386030614378
2.8086261058779303
2.557392006234
2.2467343601299645
2.060210660443345
2.7267307478183804
2.92406295790096
3.0028195845042465
2.6951011810350143
2.5602307368544763
2.951973816846997
3.139530767470947
3.0783923488452416
3.759389626785795
4.830574145740876
5.14869048718208
5.806524946054086
5.836619596707187
5.836619596707187
5.739476052931071
5.981335329146876
6.320276758830545
7.086555353251463
7.065307906801061
7.065307906801061
6.633901647754499
5.449677298312705
4.482082504098536
4.249318446730587
4.23674390559612
4.2469320354242805
4.190403432869276
4.110527045890923
4.118347179828499
2.86827977012346
3.217188829691036
3.773439107342538
3.5632485858645224
3.688901568132137
3.783106027886319
3.857385645839449
3.8285129262411943
3.831618011822952
4.286339435189778
4.877055603340323
4.773017617073136
4.694016214433692
4.387333468385919
3.45086659766134
5.725249045752697
7.325077728879326
7.802898933719732
8.194144423664266
8.325302929062971
8.772514790098935
8.595684645366175
8.155267470333618
8.664017550084115
9.143030735765109
9.294000206954358
9.33732308271217
8.74256158522473
6.894751223129675
5.337871900425895
2.778714444769954
2.8416479090896494
3.023678910689897
3.0316467589856044
3.6618914668106592
4.026869463844497
7.207358865142423
7.55942914188905
6.893367536762427
6.829357186782981
6.659212053465785
7.144693462164644
7.056886751788598
7.314129948924555
7.671989647631411
8.428141834446695
9.054810652796972
9.005471316090071
14.895100878452002
14.756852310980854
15.923115614898109
20.569986570086407
23.8549808136798
23.28047089778557
23.54887022296219
25.59054570845088
26.72955454478836
25.998681334360068
25.73456341119187
26.159818145891776
25.108876385753607
24.816874569764902
24.287388933001225
22.79659626577949
21.549401750246265
22.05205640327649
21.620086059849
18.871297349747973
14.731968303815547
19.233561814082705
22.362538130819345
22.167854919168047
21.976654922351443
22.04134130479155
18.11200314540853
22.145212512101924
24.77373558757236
24.410141739921517
24.547030232348167
26.32331805853557
27.03280818821877
25.84434273626556
22.04748598039946
22.166334579832004
22.950837242190385
22.908001550442407
22.55795352627269
21.232166692456943
18.692116668795283
18.63674435975216
18.582800006566675
14.210673527964492
5.512184473788113
5.82558025637541
5.82558025637541
5.987733827277711
5.699161340652583
6.122946030369615
6.529026955090616
7.299139670767174
8.072964371239836
8.113227814805823
6.091933166678099
5.126317898110955
4.130643838035273
4.010032996734501
3.798257053521722
3.901199682723961
2.792923445463549
3.082635553561764
3.120340888215516
3.001633688497921
2.68372067878746
2.3136208261136115
2.3136208261136115
2.274215610654707
2.1514185611418988
2.1514185611418988
2.268993060269436
2.068851093182777
1.894710523591628
1.5864535778462858
1.6332438008458583
1.4162612510226429
1.4162612510226429
1.2354861637235923
2.0485158267480053
2.022060588858443
2.7551458972630263
2.8261247796743705
2.8717189954816438
2.809974154885801
3.068756617530489
3.1068613226037427
3.116448316222537
3.3790480276448114
3.760188737226715
3.800876006297252
3.307130073130684
3.3287212322638995
2.955459521607798
3.2733416184916124
3.47573015264527
3.482749233995613
3.343374556255075
3.4306021966142386
3.434014482293736
3.210551604900544
2.543950296347974
2.206361552955854
1.805116820982788
1.805116820982788
1.805116820982788
1.532107350568499
1.532107350568499
1.5911660694157916
1.610615134105289
1.4967355277558227
1.6007621824563478
1.3344560609650198
1.3344560609650198
1.351756726971551
1.351756726971551
1.380754311170976
1.413091323877232
1.4572844348358545
1.4572844348358545
1.5431542849388766
1.5431542849388766
1.6172376097014716
1.6444536350765924
2.523307582090532
2.866779115482834
2.9359664125540013
3.0779900968955283
3.0202325390441813
3.0394291335753105
3.036856162895791
2.9747453206638728
3.124718841338068
3.1744473553163526
3.195905346108906
3.0951702980046543
2.306466571464829
1.9330025584458883
2.557038245841415
2.5224294967463496
2.655118895974681
2.633645468958865
2.630610708786162
2.6261162861641467
2.4654386174935183
2.398926084250105
2.374116261079543
2.469418190985855
2.4710875599891398
2.274282543284288
1.5671396444120027
1.9338482395672627
2.018561033214841
3.0240321536136547
3.6623608528218714
3.784641628021338
3.754923078744401
3.6905760151831273
3.68274388827804
3.685904269167942
3.7032160744968863
3.5316977530568736
3.1081474774150077
1.8563075166293053
1.853324370992156
1.5275537772011265
1.4924842649788252
2.042869033153746
2.058257304465545
1.926807599391679
1.8704243889821048
1.7893915444376112
1.958165631602764
2.284360466669756
2.189740876362375
2.37159796309571
2.172900136252918
1.759462596337762
2.001177649734788
2.078536072809354
2.023218686112382
1.6848647504038516
1.613863278519842
1.531306233417546
1.5468376647994475
1.5268811065240988
1.5186822812663274
1.4936240447857791
1.618418810285365
1.60782439344854
1.5266241079892018
1.5956374243150049
1.1921691807122894
1.1290191665751734
1.105917779593031
1.1898218396904536
1.1967543055970278
1.1852989505130187
1.1846135418128576
1.2176548154336972
1.5207051643146787
1.7513732262127055
2.3699345617146057
3.905217752459101
4.80562799078709
5.069623638239476
5.217270785513158
5.179307115573398
4.886189860734048
4.371409654119321
4.102303711905434
3.4326548776889068
3.039647724328288
2.483444126248428
2.0250961036132558
2.3391047760353003
2.5179280975008798
2.567372707945981
2.568013187179414
2.400276013544512
2.6896321248855464
2.5308912651202697
2.5308912651202697
2.4744436360926025
2.5043836929156003
2.4192315428123994
2.298969017800544
2.294150114330155
2.294157465657392
2.593291199751793
2.5052518930997043
2.3744292577180306
2.020649030469301
1.9583571209803925
2.041370747840289
2.1040835224997427
2.1241200257989057
2.350591889394854
2.721469327044313
3.004637135542808
3.0044741206664067
2.5546628499856725
1.8674781057663343
1.871509987160292
3.551886883424627
4.595269371487334
4.757647057990037
4.702374827447789
4.890740136507457
4.944045885911205
4.947129998177231
5.534886254263666
6.190875010633275
6.424889506228976
6.810123224064312
7.286780185843614
6.70229772665449
5.165887088624392
3.87036455312508
3.7083209325975
3.833110992638556
4.231817369610435
3.880450883243977
3.908038263240889
3.887816417934388
3.9134152292113966
3.9258224250443057
3.97612541229744
3.938395485744112
3.913650369308062
3.81797130408102
3.286947205597916
3.721105325937744
3.8079004927307634
3.64838353832766
4.967889811733483
5.444465752881919
5.558525367889978
5.681916430215326
6.192372672191143
6.031204414236162
5.740155563359619
5.284767869380164
4.832050973825259
5.025021990300435
5.104287117418845
5.001385817980214
5.613259950474599
5.914693476049244
5.291529849358861
5.3264949157255055
11.706117581438615
11.698369621024504
11.662123035317071
16.735697332424262
15.935722070582576
15.384014612401588
15.563070365522416
16.156321537524526
16.441049092627715
16.772736953531325
20.082395015350517
20.415924254707157
18.89876651762933
19.06797298939369
19.10813307163145
14.468749631176596
14.462262998501291
14.491411556128678
14.164874468062528
13.863900417025423
13.835600291265033
13.8962689992671
4.051282748787157
3.991873339759452
3.955231928129229
4.06616003404945
4.678206167963025
4.042873908468652
14.090069281456673
18.807598050590776
18.67993720191649
18.774307401652027
18.89093571748744
18.904947659453292
18.915998937748903
18.989393303758828
19.076993522538093
19.238577582230715
19.017795900419625
19.12017935944929
14.275488644213974
3.019214839049299
1.965723926096012
2.0390742351115074
2.077309144687233
2.329066464489778
2.6138050437384304
2.4023287967283293
2.3554916474775323
2.978351782600908
4.003199324890262
4.209393977817621
4.028716250295092
4.037061368879519
3.982135405710794
3.5396439821165915
2.976976824384583
3.157090767724623
3.1566657579812456
2.7703178036054825
2.378786393565844
2.433308514790665
2.2371785282319925
2.4106082752286686
2.4156788888456058
2.4187203666220567
2.597125523748094
2.7406754191226432
2.401547671363077
1.644209782833507
1.6574839964450754
1.8293865915835608
2.1028418036267
2.4854051336834617
2.501011480388049
2.482167811083178
2.3974156837047835
2.416120760873177
2.5161465163576584
2.5499193040458388
2.503605247554216
2.670013731598664
2.5614386884731557
1.868417894852039
1.963141285802708
2.0052841938058794
2.009556125277421
1.9568545880753372
1.9385073079050383
1.9359316454934696
2.1033660297717787
1.7666689046563115
1.7295394971773117
1.6496093720071974
1.699089032941115
1.9331072242742788
1.9176445746524635
1.8993786577424847
1.868081370623816
1.866544796487869
2.049926918577444
2.095236404021765
2.2628625868755003
2.229228665562332
2.275120751411696
2.2841848471408497
2.2776420984573877
2.1022450228833303
1.9715741065039227
1.9487351035694225
1.961166991002935
1.9826280091809143
1.6440537823010406
1.6503591682532994
1.3559816856971638
1.3316723295024189
1.7833558044862468
1.771182303900098
1.8589536965697295
1.8111606825870137
1.9466444202852489
1.9504914423043809
1.9956340758187257
1.982189329008804
2.0551232332335485
2.358872766950652
2.139657106052373
2.230205926322532
2.142524791213798
2.145160083856086
1.9124389514150772
1.8724418616088236
1.9079247152283487
1.9058822682471648
1.635321047403436
1.4394087110288292
2.0561849419347125
2.089724268365395
2.0902649304115206
2.048561949212859
2.153959230514359
2.1839176749068048
2.2425601371021067
2.1773030835679634
2.084836455406377
1.9785608340581364
2.0217317473146927
2.033656436124301
1.7747439302978048
1.6337851368102687
1.6800460822049983
1.6222142198565752
1.2090448839566164
1.3247100944473282
1.2586705158463498
1.576847052588653
1.8059904459697045
2.112891342154489
1.8348603669557455
1.7586881096450488
1.664138452566965
1.538543292964357
1.526486477015336
1.526486477015336
1.7026359097477697
1.854819361524391
1.844106874494597
1.8701049767756055
2.104512798265368
2.1182608672950995
2.198680790437198
2.548518706987898
2.834321744753751
2.7164125084795243
2.856867628005828
2.416544919734796
2.3876922980939264
2.3762271435765525
2.029623048664345
2.0942001486637443
2.3771736545962696
2.185336454585934
1.9977164561591465
2.0610653789316027
2.2430978237467296
2.277242374779856
2.2441044492628253
2.26171486679587
2.239554919503573
2.1655530483988046
2.029092122880748
1.999598912049532
1.8161320913643515
1.918186797931202
2.130755345225124
2.5010303297764374
2.498410268881952
2.807213389551183
3.3370303132706614
3.4174058592906125
3.378978747274485
3.373182701786586
3.3153199294192643
2.7707210654515912
2.232412362754144
2.076247285544288
1.9930504166503715
2.053627655258357
2.026199618540986
2.049312242424965
3.011147759945305
3.338340031713692
3.858143375065572
3.88918129416967
3.370722873409949
2.8665765394820664
2.7748937639519085
2.9425226835508247
3.341603350719414
4.494329815228967
4.83658902086958
4.81328958916119
4.8294668793501
4.751420340901544
4.743540201074361
4.642932544114265
4.227222374074598
4.449378195292784
4.705987399595996
4.669100733193659
4.652901411633285
4.535754256213619
4.098998761401557
3.907367591032096
4.131763344376879
4.372208308825879
4.429711334916336
4.427526814340959
4.419789814196951
5.472323125245643
6.324496411423201
6.528169694417247
6.495399365792704
6.110748169645275
6.154041794311125
6.16224972061291
5.890381598054327
5.597321711931384
5.732686227931732
5.900933294832204
5.988637597044911
4.958148018138449
3.0369814387893874
1.7842534786219484
1.516136182088757
1.757000729721505
1.764322831713799
1.7435572683828324
1.7182701758141063
1.708380688387717
1.622224343146469
1.677224458371797
2.221746870659861
3.305877647375154
3.3082480588081262
3.2763545006338286
3.3042577347723614
3.0029201484839136
2.735616846120368
2.70610229849176
2.824699004869329
3.01557262825731
3.757674422858624
4.305511496824551
4.775391168364756
4.833664404706353
4.654032702474394
4.642914683815181
4.888154647452655
4.928495606747917
4.900886091458018
4.4949773384982725
5.456185128696675
13.881261675283223
13.89759779309723
13.976060534165724
14.098775692613488
14.163881831814289
14.119993355040162
13.89878173213483
13.589388570265625
13.584323464467571
13.730310119807736
13.67382307580325
13.483721601539967
2.266329717248754
2.340662697115333
2.324278437125299
2.405338211697566
2.5151387706352715
8.933696264144578
15.780353919543751
15.7556670946767
15.56836062710353
15.249316930137578
15.173071415454796
15.408499216797
15.318356515107949
15.707153472983702
15.74307705984739
15.914276357313568
16.085492447744052
15.69938250980441
9.956126234929211
9.806549157699536
9.870095176105874
16.38242240452672
16.79159975145742
16.596826353215604
16.37015202851301
15.499352021519789
15.495015849843057
15.353368172878556
15.16993153438451
16.65053358294432
17.95640570415428
19.40554491182346
20.24907642137649
14.055908461155088
12.755291015955684
12.190689122675918
11.540123859703131
11.680826355030316
11.640659824643643
11.376829420932744
11.374980111529194
10.3210398258357
8.8740330586604
6.787044383000435
3.905879336165884
4.006826014549668
3.598762882329836
2.2320324716624773
3.2782695107365023
3.4229363853325347
3.850141971212461
3.2254321140863222
3.2042600839140483
3.179180388947027
3.197082186199656
3.251271747897113
2.79772466362906
2.988393893628487
2.460401577659502
1.8870655237883456
1.8880965930915896
1.8207946478675936
2.4186902467655584
3.0497324025521237
3.0624082496050686
3.16140523709616
3.25430383708688
3.235835691618976
3.251376807094566
3.298540197146814
3.444865371079271
3.893800303540214
4.441859679277287
4.497281523423108
3.846911137410782
2.519642906100778
2.319289282436385
2.3631183351802063
2.4220148584845718
2.226462468516727
2.2523050644968654
2.3430907119664006
2.394338139329254
2.797855799048719
2.448394979118792
2.3310166587067327
2.330165162112333
2.075065590117068
1.914610180467604
1.8947801247190308
1.918953622795145
1.7495578651294863
2.2502141892862326
2.616706264873703
2.594610767510479
2.5312822710664724
2.68070190467272
2.7039210009994035
2.8631115139973886
2.951440507373385
2.638701764127808
2.689096338245712
2.908555671244407
2.893347432986448
2.820602195159985
2.690608421348388
2.900155048135652
2.954046346465116
2.5748209352152864
2.6676795789163648
2.6530239992479347
2.6021985791223488
2.630443665596892
2.557779647538382
2.539521680956581
2.776646249170585
2.8285890133447182
2.948401258224328
2.723472587881793
2.388641039824055
2.6808090634261506
2.730092961069622
2.684699140690566
2.625448497414001
2.710739749169361
2.784460376106794
2.727322111318065
2.611529680949498
2.5061435725849424
2.239869113712008
2.19486794669971
2.117304400518333
1.8836193202883365
1.7761215540646589
1.783741756453859
1.7568243829110344
1.674210433672045
1.5001970796760076
1.6108963025979992
1.6380646054732773
1.4068731386117752
1.131344645128324
0.9487888504566956
1.1469752439664498
1.4439660288295548
1.4136368716054863
1.5824069726279892
1.5827356852063903
1.3890781477805496
1.8244454185289545
1.866070416048888
1.805518653866391
1.7834581871492183
1.7724552458838092
1.3755851891791666
1.5465551973093998
2.228772629269053
2.2982545938478736
2.291639477853157
2.194892672587085
2.0529532568305906
3.0296877392754773
3.68671138255634
3.5852543257872584
3.601445050242482
3.355522868434709
2.945683622338914
2.859470856415301
2.8541367448306936
2.856868186482698
2.5729889551412928
2.367439408831298
2.117878793597827
1.8225160306298316
1.112663797249694
1.0532650554747551
0.8345708330912485
0.8898461832025464
1.1810836018092326
1.343048005448189
1.3675510968367348
1.349094623037295
1.288219266537013
1.2666799722033508
1.2477683927312733
1.142758998556258
1.2056345732335985
1.3319686829041804
1.4317169337613116
1.4340617175691366
1.7478349972407996
1.8212795332778864
2.0497138341209027
2.037647821194267
2.0084845342058792
2.16450097752456
1.9879682088558173
2.379799075139968
2.9985463594862853
3.7923059071572136
4.16021619660552
4.062439237299302
4.385514765122287
4.42844853275829
4.340884507637341
3.815111042227429
3.061249104439096
2.5805455320411848
1.708660110532365
1.5219517352872471
1.5219517352872471
1.4848713659280113
1.7525226957529108
1.9960521917992209
1.8690746963145517
1.6407628534496124
2.0092924290374974
1.9377299086925015
1.9367447204487864
1.967293914996629
2.197396934445361
2.364009669168521
2.566661690084369
2.6714511115509905
2.391812829747316
2.0484576369082435
1.5168467625178113
1.4937839636273933
1.4012814265368656
1.5769624161992073
1.6158374040376593
2.181209656575233
2.4057426031236875
2.400352889870527
2.327365743971182
2.441180423831631
2.467422227720016
2.4578801983013685
2.6920879939528986
2.840809550247932
2.96103159894795
2.9513938679099523
2.8892787109312423
2.727073074007372
2.659444563440214
2.635470517372765
2.6204734050324694
2.5194296190700447
2.60289185639651
2.7939684857883664
2.551895320892542
2.2346518780331297
2.205938103011846
2.6966424873358146
3.3484327394721034
3.54147742361497
3.369990503096368
3.4148493804588305
3.292539782071712
3.1932180589818917
3.261318060322221
3.288961928952977
3.206305263396062
2.5830830568707763
2.336151141256509
2.388351856986067
2.8477535793195927
3.030008665803753
2.96996460202985
3.2609792483559623
3.5062721751396646
3.765750990931122
3.729101119635021
3.967264759479936
4.329883280300672
4.299821575199943
4.514692395261711
4.497248355475264
4.275649356132649
4.093431005193824
4.09449051893049
4.03542336420981
3.9063888044175776
3.390259358434805
3.461241011839274
3.6485824084366727
4.32677170707672
5.03496477139949
6.244423280760793
5.872234664729466
5.393080064685765
6.470845736329493
6.098885879490068
7.723634002866434
8.067744671630306
13.939229645935706
13.986422437224672
13.90979419423207
13.921072235906705
14.008705493971906
13.848632463226773
14.188065999542609
14.365808435965608
14.52208475031453
14.799100819365338
13.760103340930163
13.275813864129718
7.257193514645748
8.874466304179466
9.4388508285074
10.990594538507912
11.301055394818096
11.501805078319403
10.576274074752536
9.397935639568972
9.374142015968424
9.343908075132417
9.41395172425368
9.512114923656188
10.054771890341048
6.454523078005182
6.429587192384132
5.616613505903078
5.789361058626327
6.483579650319403
6.97861656609689
7.12051951315756
7.185563592112263
7.006910291734148
7.044969061976834
6.446489700172957
3.8242550167893783
4.354048456825968
4.159030702750514
4.150784484754704
4.210087020306824
4.204878758642743
4.173063338254621
4.1697579948301655
4.1216192500635485
3.9608776319950616
3.0479240295907686
2.5183254016742467
2.72710753244229
2.6803404376943045
3.172329256200499
3.3565311509447864
3.3856196541150334
3.4743186441473872
3.485172423638465
3.0469595236636287
2.395673784003688
2.1979473676470613
1.792362619851847
1.7465663880407944
1.753250737745989
1.7530827031961844
1.6956669675274003
1.9237564686765856
1.9743095149780916
2.065341688484003
2.1258011682430458
1.822066403935943
1.7161135838006525
1.861398555896576
1.8259707134117515
1.7999918429044892
1.769284649574931
1.804783384340081
1.8115678299146063
1.6748077399345425
1.5446042849510353
1.409506669993996
1.115870014916972
1.116931472660856
1.3369223790259377
1.322606133583739
1.3274822827885782
1.4004048440092745
2.079153434637996
2.2192006076324176
2.144810823742905
1.8910907605546063
1.975337031317655
2.0147460950719203
2.038452434632006
2.496106112922206
2.5177695862552607
2.536102256988788
2.848992035781555
2.8856816853181364
2.3327867556021435
2.066815407286082
2.162312887094106
2.1807576036186678
2.247053313836572
2.0066782096599494
2.006253652423017
1.9681215640289544
2.095682774272404
2.098947089332436
2.091413153103408
2.305603237222948
2.136078373606657
1.909214263953798
1.3536349851853735
1.4374856964445897
1.446608873975976
1.590184560560067
1.631022258196308
1.676361611956349
1.6802529177059062
1.6915310009246476
1.6960382727587506
1.6710704821010265
1.6828802480483505
1.7089755138807934
1.758718492416974
1.3638977582222385
1.3139229075430718
1.14108274651078
1.085466689525535
1.4900260607643494
1.693833300415915
1.6622726415841036
1.7336573838948584
1.9654562782676863
2.2618739121769944
2.3449019378368505
2.631699628122634
2.994480335327567
3.044766324270888
3.061416396277965
3.039540710230828
2.727945363519074
2.5714419680971745
3.099052657797621
3.0504338252298204
3.018428931768745
2.995819013657769
3.1344426381339843
3.246657517120497
3.213823839909669
3.51970935185834
3.769227751266963
4.013766711133283
3.87736833367309
3.683379279045453
3.1600101747889155
3.0583177630965204
2.882796640918396
2.112793870653632
2.093773200253651
2.110700654934638
2.2573459224294123
2.3745945530110304
2.43137492409255
2.735971977005889
2.842748339715729
2.842748339715729
2.891986906722233
3.032704088267609
3.0445022750043766
3.0445022750043766
3.0547036596510067
2.96727519099853
2.467856326800854
1.7705721765679758
1.6884665427163648
1.7298529921547765
1.731945095844866
1.731945095844866
1.7424879130138111
1.487174295073217
1.297650414006297
1.5368397247734131
2.1263956436449227
2.1596469136562417
1.9432344551696956
1.9514773571782649
1.9441608839790516
1.9211072717063165
2.180005417768333
2.099218492480716
1.853935351737118
1.6564110612012528
1.6582425345603728
1.6582425345603728
1.676785196266371
1.7361859999182576
1.969365385994972
2.142774136164678
2.145424568696444
2.1872289029403045
2.0699280110473515
2.0699280110473515
2.130700511165692
2.442330002586704
2.2991207645991247
2.361014344026008
2.409008597699481
2.4281458931703117
3.4059970905376917
3.394042141595259
3.462372143090359
3.466676083267283
3.622191627419081
3.7028190395789857
3.8200648178894014
4.064304835179606
3.989638359905314
3.928415174759904
3.686942816775305
3.274647770001589
2.8642930643683497
2.8642930643683497
3.7415972743595303
4.161390953935803
3.953961069476663
3.953961069476663
4.70984234478232
4.502341341912048
4.873179184580383
5.566491338756935
5.609508356627942
5.475182908907969
5.578730334602171
5.687086561579812
5.482741951532054
4.856223165057878
4.85579742942137
4.85579742942137
4.620653208932563
4.620653208932563
4.424075888881226
3.4433999927288754
3.833386910858098
3.9722239498240186
3.8706964070644383
3.6321683736763126
3.963801739660056
4.382746417879902
4.488124343157192
4.444482066630157
5.690983074876522
5.776095994328868
5.628448303753192
4.976026604018183
4.827654664951934
4.7834116281456165
4.783666041535152
5.953511408601963
5.4659760057837605
4.538822284945698
4.4745581581132
4.290108494019114
3.8341647648288464
3.916112693875903
3.9450153899325016
3.9450153899325016
4.161294391640073
4.133000014193894
3.862658438728978
3.278939159539408
3.3389582309290566
3.190951149021774
3.0968237545168136
2.9725294453175075
2.8052074088200034
2.411722187146684
2.4164866975928194
2.2269919037078063
1.9332045332240364
1.852034917746434
1.852034917746434
1.852034917746434
1.8234260728878355
1.8340555463938983
2.67723429040799
2.7060079151292973
2.4157470558230107
2.1670554195585066
2.158154625319872
2.158154625319872
2.1777167956759094
2.752826560307497
4.689275696038584
6.299378374845145
6.299789664134449
6.337113192733206
5.932627096124381
5.890117204912624
5.93627842364253
5.991912284905856
6.006960585868892
6.006960585868892
6.003781654597995
5.58936437540672
4.526882878729143
1.6464314568060214
1.4295859087599905
1.67604217250852
1.6842454501091988
1.700489571618352
3.1861501924432454
4.894305692540164
4.905367598196448
6.175114735495361
6.299898506466858
6.405061942076614
6.305983029380774
5.766659879403414
6.105646313481332
6.462083767682813
6.516709238311067
6.9524525813591405
6.83161748006345
6.144891986792797
6.277803814166526
4.671066042761304
4.343130334117752
4.343130334117752
4.690314554015336
4.724799863975164
4.486423387428291
4.425890749047642
4.356102902285951
3.887845135731135
3.838483429616269
3.838483429616269
3.387477993107784
2.8035068629323967
2.764953387319881
2.038296274868764
1.823217129526799
4.227736559563204
4.233675966560941
4.152677120468597
4.697950261613487
4.866694007955879
4.905196996299907
4.905196996299907
4.869382909855369
4.992656778172019
4.940242190840136
4.956854981845424
4.9718677536061895
3.317423578703289
3.317290374217457
3.4139872840981416
2.9745895545757106
2.6705930369368995
3.169119046657433
3.076404669900972
3.078433328684165
2.538545136659069
3.076444478553104
3.092255027451945
3.203147575029037
3.31283857642665
3.149643714962074
2.1156348265541745
2.3640183761175755
2.3640183761175755
2.6934451176966974
2.588688083186052
2.517503569392435
2.517503569392435
2.406194546354364
2.39917941892757
2.383139875157369
2.383139875157369
2.4489263548306206
2.5324435767538453
2.172876292262439
1.908686233022252
2.8068558319934387
3.772114796392228
3.987725968275844
4.317266665790633
4.124436203020621
3.881936125894297
3.655548328219462
3.655548328219462
3.691417125229024
4.470112035741627
4.415465529026446
4.393205142030739
4.344318153449916
4.112515888899432
3.901992585841188
3.051441396161433
3.080688850491537
3.358466988077645
3.328998382317687
3.328998382317687
3.3375811555708617
2.7980881419685764
2.5043663575244834
2.291708604450925
2.319072123485391
2.359240539543971
2.5144664020489262
2.633858340780552
2.667127395569592
2.1140862374897864
2.557453059437513
2.5314183869061995
2.791166753286071
2.8255631869837936
2.7260057057196074
2.739269917021238
2.419909534668484
2.010959043235976
2.35905769602648
2.8843878733154216
3.018703715325945
2.933083224072212
3.034950124864457
2.943061917821343
3.635541943030853
4.136356526762855
4.520625388756385
4.403013634436788
4.420567486281068
4.369302133015314
4.14043827030913
3.51476943498537
2.867082337139375
2.5190545335232657
2.633118898458165
2.878317842184323
2.7018642398146846
2.3049844462823827
1.7345575435725384
2.022814103237145
2.439811719925676
2.931238004883283
2.9408529061309507
3.4351646744151614
3.746717567939422
3.595052935284551
3.505273388883186
3.505273388883186
3.561793519884511
3.658000762800417
3.357227148475547
3.3558086828755416
3.327756114885828
3.2363364226713505
3.549739957864805
3.186301591375379
2.3677669404586563
1.8382288799647208
1.718430194114155
1.718430194114155
1.737525353197448
1.7162978671583184
1.5902497357329628
1.4423370925689976
1.4895594706933155
1.6475884356007586
1.4829588014831814
1.2611256497632597
1.454693077181335
1.7138537676144086
1.9509571331088416
2.3041010712845287
2.485755730850798
2.469654167856591
2.5880273411451524
2.5723645966548494
2.513000317266531
2.603291970178133
2.4043676877435094
2.255467467563145
2.270595725845788
2.289152122967925
2.608182478717016
3.0915548913520925
3.0950451490947497
3.0950451490947497
3.133400687337735
3.077058289076608
2.36237057449512
2.309166887843032
2.312205742135153
2.312205742135153
2.82140989633553
3.548560960183796
3.4894713861427893
3.259980220950708
3.291882041087241
3.1074780215856825
3.490293549728749
3.63201804564136
3.721414272952933
3.783447384694673
3.476034292171024
3.2961521095181694
3.4406608969379526
3.42882518134012
3.781232190449807
4.02821056979794
3.9356633814891753
3.884107085287725
3.7010514470776714
3.5709925560152205
3.2579520474040247
2.899857596690896
2.7907744960286887
2.747829305057553
2.767179096394227
2.767179096394227
2.619358090952192
2.8652064634598853
3.0410126356950933
3.205370790455997
3.188548501557083
